0	0	0	0	0	0	0:0:0	0	0	100
1	320	280	420	360	4	00:50:00	5	34	50
2	410	360	540	460	2	01:03:00	6	33.5	47
3	525	460	690	590	2	01:18:05	7	33	45
4	670	585	880	755	2	01:25:34	8	32.5	42
5	860	750	1125	965	2	01:55:52	10	32	40
6	1100	960	1445	1235	3	02:19:24	12	16	37
7	1405	1230	1845	1585	3	02:46:42	14	15.5	35.5
8	1800	1575	2365	2025	3	03:18:23	17	15	34
9	2305	2020	3025	2595	3	03:55:07	21	14.5	32.5
10	2950	2585	3875	3320	3	04:37:44	25	14	30
11	3780	3305	4960	4250	3	05:27:11	30	7	27.5
12	4835	4230	6345	5440	3	06:24:32	36	6.5	25
13	6190	5415	8125	6965	3	07:31:03	43	6	23.5
14	7925	6930	10400	8915	3	08:48:13	51	5.5	22
15	10140	8875	13310	11410	3	10:17:44	62	5	20
16	12980	11360	17035	14605	4	12:01:34	74	2.5	18
17	16615	14540	21810	18690	4	14:02:02	89	2	16.5
18	21270	18610	27915	23925	4	16:21:45	106	1.5	14
19	27225	23820	35730	30625	4	19:03:50	128	1	12.5
20	34845	30490	45737	39200	4	22:11:51	153	0.5	10
є	лес	глина	железо	зерно	потреб.	врем€	≈ 	цена за	% умирающих воинов в сутки
								лечение
								одного
								воина
								(множитель
								умножаетс€
								на потребление
								зерна воином)
√оспиталь